863 1.850238 -1.905889 -4.036637
322 -4.864755 -1.491125 -3.049509
769 2.537643 -1.556586 -3.983397
631 -1.985188 -0.175262 -3.194337
916 -0.125269 -0.942698 -3.175815
750 0.077643 -0.074840 -3.062932
539 -3.374147 -1.665787 -2.509735
974 0.831985 -0.134593 -2.875120
858 -3.242336 -1.932328 -2.245026
503 1.066609 -0.869755 -2.971229
978 0.254311 -0.552353 -1.573368
607 0.434226 -0.050979 -1.736509
514 -0.107654 -1.120769 -1.704557
233 -2.757675 -0.152483 -2.041321
166 -0.597946 -0.812810 -2.034302
691 0.542560 -0.926684 -1.133952
352 0.206818 -0.613260 -1.090485
245 0.191174 -0.969588 -0.815396
216 0.717919 -0.967090 -0.894922
186 -2.557769 -1.641391 -1.762953
111 -1.375479 -0.185198 -1.345835
92 0.838702 -0.790678 -1.236189
876 -0.096095 -1.920636 -0.512474
776 1.412334 -1.790836 0.040466
568 1.778968 -0.555506 -0.085958
200 1.066054 -1.342309 0.297572
883 -1.025916 -0.425022 -0.567164
880 -0.437754 -1.022368 -0.359805
797 1.625064 -0.973323 1.112969
794 1.145432 -0.611947 0.595298
725 -3.132954 -0.685088 -2.397312
184 2.075490 -0.582267 1.184529
109 0.037717 -0.244031 0.061757
193 -7.190200 -0.836620 -3.975421
175 -1.392353 -1.466743 -0.643795
752 0.204579 -1.530711 0.619299
663 -7.775866 -0.364727 -3.934825
596 -2.847487 -0.690108 -1.002229
499 -3.432598 -0.792165 -1.320041
491 -1.227064 -0.829337 0.061899
405 -3.698072 -1.510062 -1.436770
321 -4.797750 -1.327873 -2.116698
303 -1.578965 -0.554236 -0.187286
346 -3.734228 -1.485540 -1.356901
843 -0.154973 -1.678006 1.242698
181 -5.115926 -1.014773 -1.799999
832 -4.869529 -1.383260 -1.571561
31 -1.902233 -0.552433 0.397546
929 -1.467438 -1.160691 0.763411
68 -2.494996 -0.009777 0.122778
622 -3.452345 -1.864398 -0.109944
599 -3.521359 -0.666580 -0.189529
495 -2.507131 -1.686123 0.329548
506 -2.466679 -0.732464 0.606612
240 -2.340300 -1.219981 1.070632
806 -3.093221 -0.040219 0.964104
502 -9.779028 -0.649611 5.854240
376 -9.822304 -1.544431 6.114789
361 -9.578890 -1.271056 7.631677
901 -9.834789 -0.882122 4.076418
243 -9.226372 -1.802813 9.315539
779 -9.669503 -0.272261 4.292733
311 -9.896275 -1.725601 1.416752
982 -8.870179 -0.590707 8.794313
515 -8.872051 -1.207902 8.865962
349 -9.016925 -1.880332 7.976791
592 -8.856305 -1.369601 6.583889
392 -8.893083 -0.177159 6.320963
145 -9.772243 -0.057491 -1.078935
461 -9.918717 -0.516298 -3.406868
805 -1.883384 -1.674928 -0.633870
264 -9.273705 -1.404254 2.837941
241 -8.436071 -1.344544 9.178633
22 -8.377760 -1.059108 8.972295
964 -8.569332 -1.181720 6.853795
435 -9.260653 -0.422210 0.586874
205 -9.221638 -1.079643 0.208452
992 -8.054201 -1.506636 8.657475
853 -8.759955 -1.612576 2.788004
759 -8.093100 -1.833011 8.072351
723 -8.452925 -0.071097 5.878443
439 -8.823917 -0.932048 2.895574
907 -8.824107 -0.472244 2.976476
366 -8.216031 -1.700307 8.336203
214 -8.689057 -1.258858 3.164056
542 -9.798211 -1.136420 0.506692
1 -9.048388 -1.665169 0.066974
822 -8.666101 -0.378338 1.448519
251 -1.359272 -0.197013 -1.136577
792 -7.710964 -1.190961 9.605817
975 -7.595485 -0.542122 8.824108
569 -8.366401 -0.984528 3.104698
425 1.278986 -0.000777 0.661110
966 -8.598651 -0.636817 -1.278214
440 -8.147124 -1.930774 3.488003
932 -8.382536 -1.222143 7.803798
391 -7.350574 -0.271329 9.157818
267 -8.928973 -1.448217 -3.416236
191 -8.157302 -0.547581 3.879133
869 -8.457152 -0.139906 -1.520521
517 -7.719380 -1.462750 4.451543
285 -5.523301 -1.881511 -2.539186
826 -8.201973 -1.067767 -0.303546
133 -8.193157 -1.544046 9.712651
674 -8.142187 -0.177438 -1.115050
180 -7.712081 -1.623863 3.006136
160 -8.476519 -1.691052 -2.986933
714 -8.965689 -1.994418 6.903681
173 -7.919087 -1.683109 -0.133047
984 -7.493793 -1.686933 1.119332
704 -7.185472 -1.133578 4.221038
477 -7.789582 -1.948346 -1.010749
436 -6.580003 -0.181734 9.416317
406 -4.900338 -0.862528 -2.068004
947 -6.998923 -1.435296 1.820449
967 -2.278420 -1.109293 -0.410118
426 -6.267156 -1.295128 8.530950
239 -8.088876 -1.025210 2.616248
780 -7.000168 -0.012850 0.237667
297 -6.140920 -1.407876 8.818790
275 -7.018364 -1.769134 0.336990
324 -7.804129 -1.147210 2.748753
865 -5.963116 -0.889653 8.127633
813 -5.917078 -0.140384 8.473178
534 -7.014223 -0.841210 -3.509349
96 -5.764984 -0.886010 8.592649
909 -6.954173 -0.920407 -3.606951
924 -8.708622 -0.415222 0.461092
383 -5.449782 -1.091604 8.299828
847 -5.594762 -0.745215 -0.365541
669 -5.180309 -0.093194 0.239895
526 -4.817023 -1.783063 9.109608
478 -5.656414 -0.722000 -1.413199
995 -8.752993 -0.977802 8.822456
454 -2.965348 -1.529622 1.661784
404 -6.533227 -1.525519 -1.497726
402 -6.276319 -0.467101 -0.673592
395 -4.922750 -0.147963 9.186021
841 1.169475 -1.378062 0.392428
300 -4.723200 -1.587560 9.705424
226 -4.895063 -1.771592 -0.202165
730 -5.050906 -0.886162 8.364848
189 -6.302258 -0.339379 -1.812764
617 -0.203613 -1.746730 0.228781
76 -6.573775 -1.570095 -0.885488
953 -6.652024 -1.800882 -0.614697
877 -5.981910 -1.266278 0.516040
333 -9.937201 -1.092339 -0.570277
874 -3.511513 -0.599722 9.190956
520 -6.009314 -1.371918 -0.058884
304 -3.697224 -1.788792 2.233748
229 -6.390893 -0.970546 0.247835
644 -1.185757 -1.485469 -0.560200
103 -6.004364 -0.436421 0.972155
39 -4.780684 -1.730501 0.747090
561 -6.389098 -0.348930 -2.172862
20 -3.695239 -0.612057 8.218389
972 -5.741518 -1.482295 1.373081
678 -6.545092 -1.597150 1.850945
505 -6.799741 -1.006501 1.213141
464 -6.764997 -0.123386 0.996632
458 -6.048727 -0.849352 1.832668
450 -6.112851 -1.336614 1.099062
393 -6.593976 -0.431912 1.179756
320 -5.226744 -0.179360 2.047393
206 1.815627 -1.964601 5.313187
463 2.289850 -1.993830 3.087138
516 -8.122665 -0.707220 5.178233
259 1.806418 -0.748326 4.351971
482 6.068804 -0.627541 5.134037
996 1.818765 -1.527047 8.498893
911 -3.623875 -1.125028 5.649146
438 -7.953142 -1.222116 1.116765
979 -1.935723 -1.703452 1.659158
387 -1.172420 -1.048310 -0.321676
928 -1.287408 -0.836806 3.720747
364 1.683338 -0.585202 0.326887
905 -3.011321 -1.751329 3.204434
675 -9.088438 -1.498952 4.727530
134 -4.230167 -1.543224 4.372880
886 -1.981953 -1.309492 4.075050
88 -2.311625 -0.069800 -2.857111
629 2.301700 -1.345017 4.028804
115 -1.221332 -1.590425 4.859058
372 2.289119 -0.421868 7.687734
344 -7.588744 -0.216526 -3.072786
885 2.792584 -1.842619 4.066392
337 -8.932297 -0.579763 -1.450636
878 -2.620460 -0.142575 1.973388
80 2.086239 -0.177981 -3.938491
621 0.423895 -1.440293 8.864121
867 -0.241904 -0.506749 2.832649
894 2.478014 -0.842601 -2.952032
353 -1.405182 -1.087715 3.731915
771 0.711065 -0.320563 4.622494
541 -0.098217 -0.154076 -1.284028
0 2.112304 -1.132368 6.604374
257 7.181989 -0.179745 6.987700
190 -7.843032 -0.217545 2.886363
731 5.072963 -0.294605 4.228753
217 2.448197 -1.862191 6.549930
963 -0.321083 -0.818616 3.236428
990 -9.542682 -1.269399 0.186284
449 -6.197290 -1.846207 4.364346
709 1.954389 -0.555724 3.885007
993 -7.021009 -1.630728 0.342434
452 5.493553 -1.310546 3.950068
962 1.673261 -0.873089 -2.146697
421 4.288814 -0.746203 7.969798
140 -3.815688 -1.245455 5.043486
681 0.940087 -0.746715 4.385886
377 -8.049872 -0.291268 -0.037035
918 4.460374 -0.245840 2.817337
791 6.330410 -1.298434 4.447614
123 1.297070 -1.872234 0.451905
664 3.120401 -0.590139 2.933135
948 -6.626370 -1.153495 9.691915
407 -1.648140 -0.422139 8.008948
658 -2.319600 -0.339340 2.057734
942 0.965966 -0.373441 0.719727
401 -2.571671 -0.532389 6.828564
655 -2.039965 -0.362040 2.323990
141 8.126683 -1.823601 5.254503
939 -1.365946 -0.692404 4.545314
398 1.170416 -0.287025 2.327883
639 3.941710 -0.384448 2.585448
588 0.328554 -0.187832 4.721490
532 2.461218 -0.964831 3.023078
248 -9.984982 -1.755375 8.281416
789 2.909392 -1.186788 8.320085
646 0.594576 -0.356574 5.060852
903 4.151675 -0.898310 3.323713
519 0.107387 -1.803291 1.994455
481 6.831888 -0.392911 5.000227
765 -3.449813 -1.395250 8.620356
224 3.547220 -1.092418 6.415557
469 0.891699 -1.466637 2.514106
468 5.456047 -1.508450 3.922336
430 -8.653383 -1.182651 -3.827439
971 0.354032 -0.722417 3.115293
176 -1.436620 -0.611278 0.629651
717 -4.759836 -1.368354 4.562363
989 -1.639714 -0.045001 2.599598
448 0.078992 -0.517137 3.114820
571 3.530175 -1.920076 5.192275
57 1.133183 -0.923786 2.702555
444 6.101487 -1.515527 4.298693
261 6.067540 -0.938573 5.004354
518 3.360759 -1.468488 6.581597
555 0.697947 -0.182497 -3.436806
14 0.948224 -0.749336 1.388217
720 2.328142 -1.472821 -2.817092
179 -0.442278 -0.612208 2.814637
110 -0.897650 -1.300521 1.738608
908 0.789964 -1.984166 -0.702430
367 -1.143981 -1.858100 1.959078
83 -8.572247 -1.640691 8.227616
624 0.910930 -0.514523 8.520806
354 4.346857 -0.071935 8.083470
487 -7.135617 -1.602768 4.685138
106 -5.377520 -0.106820 3.635854
910 -2.773086 -0.988430 2.934833
937 -3.138428 -0.106873 -1.061156
396 -2.481836 -1.719844 4.649094
689 -1.809140 -1.794267 -3.337557
148 -2.149070 -1.805123 2.099220
54 4.041727 -1.237389 4.850008
846 -3.020783 -0.172077 4.704556
616 -6.450900 -0.323076 -2.700983
75 -3.009883 -0.750124 5.972454
84 2.990396 -1.488084 4.237082
743 6.498704 -0.546634 4.320605
202 -0.397288 -1.603106 3.088727
610 -0.148506 -1.797682 -1.569346
69 6.321244 -0.667139 4.507493
119 2.467297 -0.521298 2.311842
544 -4.485713 -0.769271 -1.649671
3 -0.534994 -1.079566 5.227397
130 -6.925035 -1.608681 4.653492
815 1.330207 -1.792890 2.806431
301 0.804180 -0.564476 1.214823
585 -8.919616 -0.743160 0.111757
44 -1.945590 -1.109841 2.614771
53 -3.997970 -0.688347 3.036275
310 -6.949084 -1.828778 4.296766
6 2.919147 -0.751356 2.599674
777 0.517594 -0.819819 2.018070
35 4.791677 -0.598414 4.548684
549 -6.628346 -0.104393 6.478654
804 -2.483961 -0.652297 4.171596
577 1.498889 -0.210148 -3.641813
36 -2.848954 -0.074041 2.164296
550 -0.257542 -0.751879 9.613336
386 -9.509559 -0.541903 4.846993
927 -0.677787 -0.957426 1.407289
132 -1.757531 -0.818765 1.839900
673 7.067933 -0.052811 4.614205
159 -1.124648 -0.668899 1.303229
165 -0.521082 -0.929194 0.969019
809 -1.843222 -1.422899 6.429668
169 -1.280567 -0.826056 2.388737
837 -1.339701 -1.984839 4.406650
296 0.998824 -1.690052 2.271999
42 -0.363019 -1.330482 3.818356
556 -2.301434 -0.747174 9.244429
15 -6.667162 -1.700778 4.757189
56 5.496863 -0.943683 4.389232
854 -3.704828 -0.384751 -1.097111
313 0.487164 -1.990806 2.996699
17 -0.213828 -1.886046 2.822636
152 5.518239 -1.957207 4.722826
411 -7.824619 -0.268807 4.829566
668 -3.029392 -1.571561 6.210868
158 -3.352711 -1.562661 2.801466
161 -5.410550 -1.679666 4.662304
418 -0.738261 -0.234248 7.086666
711 -9.692389 -0.729154 1.135272
170 -3.398218 -0.068894 4.800377
968 -3.795995 -1.612489 1.293097
427 -0.323208 -1.654692 8.347423
582 0.754095 -1.211655 7.321877
839 2.356317 -0.577991 7.609228
739 -1.646481 -0.465942 9.379269
198 2.103153 -0.069567 3.086285
712 -7.755747 -0.066879 7.542834
969 3.762791 -0.003420 8.951504
156 -1.896952 -0.904673 0.833437
697 2.137665 -0.858875 4.499542
316 1.459220 -1.392485 4.651613
59 3.121052 -0.559986 4.535247
573 0.222962 -1.425972 2.602107
667 -0.484265 -1.054695 2.169649
540 7.214875 -1.408756 4.773468
286 2.189005 -1.348261 3.771920
280 -0.316332 -0.170942 3.317994
821 3.174785 -0.635528 2.557699
591 -2.385578 -0.875289 1.428400
50 -2.464033 -0.874419 7.113954
564 -1.626940 -0.852595 7.340298
61 -5.552943 -1.971380 4.946482
856 -3.777436 -1.002990 -2.139555
315 -3.014038 -0.528544 3.298873
341 -1.829761 -0.505324 7.653216
882 1.653933 -0.812114 3.358552
661 0.662650 -1.405111 0.667900
120 -2.187326 -1.340200 4.995732
374 6.445910 -1.000952 3.864049
446 5.032682 -1.728011 4.291556
860 3.993243 -0.096582 6.600547
319 0.703821 -1.310475 3.065937
603 -4.148240 -1.395980 3.374041
62 8.102448 -0.987561 5.997229
40 -9.912045 -1.744669 2.944399
581 -3.458502 -0.008658 3.872452
868 -6.554497 -0.916538 4.073156
327 3.402522 -0.582949 3.595769
343 -4.078514 -0.296756 4.263390
113 -2.067342 -0.595744 2.272666
627 -5.180430 -1.635448 3.046946
533 0.819132 -1.499121 5.390218
408 -9.865612 -1.711405 0.928718
949 7.854037 -0.113863 5.361730
692 6.939697 -1.489291 7.135020
174 3.022311 -1.082655 5.405769
252 5.783479 -1.226390 5.528351
509 4.289633 -0.747468 5.471750
521 -5.468949 -1.179927 5.509438
892 0.168748 -1.872912 5.523493
590 -4.720137 -1.631715 9.577952
49 -2.780742 -1.863262 5.704896
273 6.843325 -1.925802 5.621690
557 -8.463323 -0.336272 -4.100527
16 8.464011 -0.599396 7.582371
325 -2.022115 -0.581954 4.357054
866 -3.167468 -1.459804 5.748003
926 -2.615243 -0.312850 5.739154
82 -3.451902 -1.715377 5.864688
914 -9.638250 -0.149201 7.492819
373 3.810877 -0.062153 5.814859
89 -4.481200 -0.141524 3.307527
630 -3.653804 -0.474219 6.517667
944 0.018981 -1.262887 -1.122788
403 1.842089 -0.423874 5.956431
498 6.996191 -0.759824 5.925174
331 0.277972 -0.463808 -3.255862
872 -7.407316 -1.986315 5.820093
135 -7.734849 -0.941518 6.104654
204 7.865288 -0.386315 6.060398
768 1.250926 -0.943014 6.104251
136 -7.899993 -1.531974 6.273829
881 -1.921125 -0.963324 0.455397
340 -2.151547 -1.868942 6.382003
997 -3.430942 -0.112903 1.181772
456 -1.396268 -1.292145 6.245602
276 -2.116505 -0.007988 6.031183
817 -2.948378 -0.961502 6.222842
46 4.850067 -1.047106 7.898634
194 4.526826 -1.919876 6.509106
898 -1.147664 -0.134758 5.227783
357 -5.372786 -0.113917 6.502597
920 -2.917423 -0.712039 5.037806
379 -7.159456 -1.776588 6.562064
290 0.630536 -1.120445 4.284341
831 -7.979660 -0.113294 6.512080
904 6.017623 -1.258655 6.588861
390 -3.336033 -0.176639 6.716866
951 -3.568674 -0.645079 6.473639
64 -0.577623 -0.750473 3.166223
605 -2.526280 -0.506271 6.894317
785 -8.385427 -1.578281 7.776521
244 -3.320214 -1.014222 6.666410
512 -1.295543 -1.729082 6.641057
255 -1.248649 -0.678373 9.280069
7 -3.147122 -1.435229 1.572199
548 7.215130 -1.463019 6.699476
45 3.328704 -0.146869 5.140500
586 -6.315150 -1.015102 6.628281
764 5.729969 -0.900735 6.789964
262 0.718964 -1.272909 -0.760629
803 -4.522852 -1.249555 6.768319
830 -9.966272 -1.515894 -0.670415
289 2.089731 -1.485147 8.130060
453 -6.474106 -0.096528 -2.754605
994 3.039304 -1.710690 6.777214
196 4.706746 -1.191406 6.756471
737 -0.051753 -0.800592 7.800633
79 -3.662312 -1.144769 6.876199
726 -1.680650 -1.015353 -1.882998
185 0.533022 -1.823949 6.853485
442 2.215885 -0.124530 6.864357
778 -1.226201 -0.368142 6.551518
237 3.860635 -1.005739 6.961954
935 4.486798 -0.264576 5.103787
394 5.348348 -1.325408 6.976191
38 3.736031 -1.540168 2.866561
579 -6.521849 -1.065276 6.812825
628 -6.979177 -0.655356 3.969610
87 -0.915788 -0.154603 7.015730
640 -8.705091 -0.498498 2.969018
99 3.447678 -1.944151 7.098598
207 4.064825 -0.083507 7.121096
232 -5.784389 -0.047007 7.077792
888 2.366916 -1.925929 -3.130400
347 5.325058 -0.933936 7.049579
63 -3.081457 -0.704571 -1.513806
604 2.621828 -0.219734 9.617446
91 5.293235 -0.331622 6.684704
632 0.021408 -0.056442 7.101594
348 0.769960 -0.727542 7.452015
889 -0.617080 -0.227092 8.904514
823 -3.444684 -1.580940 7.030299
445 -5.809813 -1.582448 7.239019
188 5.882730 -1.596527 7.926589
447 -5.019033 -1.375281 7.225219
270 -2.473642 -0.387024 9.569417
811 4.580316 -0.672192 7.261270
718 -9.893183 -1.598356 6.898278
177 2.044587 -1.085607 7.583187
78 1.469373 -0.625634 0.087715
619 0.552478 -1.350566 7.529151
192 -9.077582 -1.644901 -1.418385
733 6.869338 -1.729560 7.450988
222 -5.057941 -0.124977 7.740214
742 6.594475 -1.467237 7.795405
162 -0.302674 -1.390280 7.901952
21 -3.332201 -0.845064 1.663709
562 8.373658 -1.944740 7.978098
208 -5.968093 -0.890176 -3.335612
749 -1.809412 -0.709469 7.957721
762 7.685179 -0.817008 7.862081
958 0.747543 -1.879969 -1.696764
417 3.624013 -1.027005 8.158960
608 1.319136 -0.688711 8.155847
94 1.454164 -1.137078 8.284372
157 -6.321582 -0.062531 4.145680
698 2.711133 -0.446445 8.025618
71 -5.467627 -1.886257 6.060766
612 1.770729 -1.353607 8.668926
212 4.314973 -0.552908 9.184748
753 3.140140 -1.427485 8.864372
740 0.667062 -0.871510 8.833883
112 0.522739 -0.108251 9.663955
820 0.527710 -0.985133 -3.384943
279 0.934661 -1.570280 9.640784
754 1.780922 -1.221581 7.720207
213 -0.562191 -1.720306 9.634352
897 -7.374741 -1.278775 1.967171
578 -2.985768 -0.766627 0.556333
37 -4.007366 -0.271092 2.178935
77 -4.343357 -0.159388 2.607200
